#scram1exp.properties
#Thu Mar 08 14:06:51 CET 2018
G1_0_unoccupied=2470
G1_0_wait=3167
G1_1_unoccupied=3500
G1_1_wait=4066
G1_2_unoccupied=2720
G1_2_wait=4230
G1_3_unoccupied=3160
G1_3_wait=4277
G1_4_unoccupied=3040
G1_4_wait=3741
G1_5_unoccupied=2580
G1_5_wait=3283
G1_6_unoccupied=2630
G1_6_wait=3340
G1_7_unoccupied=2920
G1_7_wait=4841
G1_8_unoccupied=2360
G1_8_wait=3407
G1_9_unoccupied=2720
G1_9_wait=3392
G2_10_unoccupied=4912
G2_10_wait=5404
G2_11_unoccupied=4670
G2_11_wait=5116
G2_12_unoccupied=4612
G2_12_wait=5413
G2_13_unoccupied=4787
G2_13_wait=5645
G2_14_unoccupied=4883
G2_14_wait=5815
G2_15_unoccupied=5064
G2_15_wait=5392
G2_16_unoccupied=5320
G2_16_wait=5914
G2_17_unoccupied=5317
G2_17_wait=5750
G2_18_unoccupied=5183
G2_18_wait=5696
G2_19_unoccupied=5167
G2_19_wait=5727
G3_20_unoccupied=4773
G3_20_wait=5609
G3_21_unoccupied=4327
G3_21_wait=4965
G3_22_unoccupied=5855
G3_22_wait=6629
G3_23_unoccupied=4812
G3_23_wait=5291
G3_24_unoccupied=3863
G3_24_wait=4534
G3_25_unoccupied=4952
G3_25_wait=5349
G3_26_unoccupied=4018
G3_26_wait=4701
G3_27_unoccupied=5405
G3_27_wait=5865
G3_28_unoccupied=4524
G3_28_wait=4951
G3_29_unoccupied=4957
G3_29_wait=5340
G4_30_unoccupied=5623
G4_30_wait=6086
G4_31_unoccupied=4192
G4_31_wait=4764
G4_32_unoccupied=4669
G4_32_wait=5385
G4_33_unoccupied=4861
G4_33_wait=5181
G4_34_unoccupied=5399
G4_34_wait=6197
G4_35_unoccupied=4997
G4_35_wait=5535
G4_36_unoccupied=4992
G4_36_wait=5419
G4_37_unoccupied=4401
G4_37_wait=5156
G4_38_unoccupied=5399
G4_38_wait=5782
G4_39_unoccupied=5453
G4_39_wait=5999
G5_40_unoccupied=3982
G5_40_wait=4531
G5_41_unoccupied=3989
G5_41_wait=4638
G5_42_unoccupied=4308
G5_42_wait=4594
G5_43_unoccupied=5248
G5_43_wait=5630
G5_44_unoccupied=5150
G5_44_wait=5551
G5_45_unoccupied=4463
G5_45_wait=5236
G5_46_unoccupied=4579
G5_46_wait=5101
G5_47_unoccupied=5474
G5_47_wait=6086
G5_48_unoccupied=4545
G5_48_wait=5457
G5_49_unoccupied=4502
G5_49_wait=4761
TOTAL_medium_avgUnoccupied=43.94160000000001
TOTAL_medium_avgWait=35.79280770092778
TOTAL_small_avgUnoccupied=88.28699999999999
TOTAL_small_avgWait=71.59045432653933
assignment=SCRAM
graphDir=data/graphs
isVisual=false
name=scram1exp.properties
numVehicles=100
requestsPerDay=800
resultFolder=data/experimentResults/
timeSteps=100
trials=50
vehicleSpeed=5
