#shwach1exp.properties
#Thu Mar 08 11:15:53 CET 2018
G1_0_unoccupied=64140
G1_0_wait=98628
G1_1_unoccupied=63810
G1_1_wait=99545
G1_2_unoccupied=64980
G1_2_wait=97522
G1_3_unoccupied=65250
G1_3_wait=98646
G1_4_unoccupied=64000
G1_4_wait=99599
G1_5_unoccupied=65160
G1_5_wait=99990
G1_6_unoccupied=65620
G1_6_wait=97854
G1_7_unoccupied=64120
G1_7_wait=96652
G1_8_unoccupied=65410
G1_8_wait=99172
G1_9_unoccupied=65840
G1_9_wait=100030
G2_10_unoccupied=93747
G2_10_wait=105438
G2_11_unoccupied=93136
G2_11_wait=104925
G2_12_unoccupied=93384
G2_12_wait=105467
G2_13_unoccupied=93453
G2_13_wait=105783
G2_14_unoccupied=93034
G2_14_wait=104244
G2_15_unoccupied=95968
G2_15_wait=106631
G2_16_unoccupied=96246
G2_16_wait=108605
G2_17_unoccupied=93285
G2_17_wait=104807
G2_18_unoccupied=95531
G2_18_wait=107077
G2_19_unoccupied=91642
G2_19_wait=104783
G3_20_unoccupied=94241
G3_20_wait=107554
G3_21_unoccupied=95153
G3_21_wait=107597
G3_22_unoccupied=93132
G3_22_wait=105658
G3_23_unoccupied=90539
G3_23_wait=103021
G3_24_unoccupied=93100
G3_24_wait=106619
G3_25_unoccupied=95162
G3_25_wait=106376
G3_26_unoccupied=94227
G3_26_wait=107404
G3_27_unoccupied=94221
G3_27_wait=105665
G3_28_unoccupied=91499
G3_28_wait=102776
G3_29_unoccupied=91658
G3_29_wait=103338
G4_30_unoccupied=95522
G4_30_wait=107491
G4_31_unoccupied=93847
G4_31_wait=105470
G4_32_unoccupied=94793
G4_32_wait=106991
G4_33_unoccupied=95030
G4_33_wait=105937
G4_34_unoccupied=90752
G4_34_wait=103119
G4_35_unoccupied=93065
G4_35_wait=105609
G4_36_unoccupied=95338
G4_36_wait=107354
G4_37_unoccupied=95996
G4_37_wait=108739
G4_38_unoccupied=94396
G4_38_wait=106687
G4_39_unoccupied=96249
G4_39_wait=108009
G5_40_unoccupied=94580
G5_40_wait=106634
G5_41_unoccupied=92399
G5_41_wait=103941
G5_42_unoccupied=93773
G5_42_wait=105458
G5_43_unoccupied=95658
G5_43_wait=106285
G5_44_unoccupied=94238
G5_44_wait=107799
G5_45_unoccupied=91824
G5_45_wait=103141
G5_46_unoccupied=92603
G5_46_wait=105056
G5_47_unoccupied=93445
G5_47_wait=105393
G5_48_unoccupied=93438
G5_48_wait=106645
G5_49_unoccupied=92128
G5_49_wait=102238
TOTAL_medium_avgUnoccupied=88.211
TOTAL_medium_avgWait=81.8412576297479
TOTAL_small_avgUnoccupied=176.20623999999995
TOTAL_small_avgWait=163.6511816822818
assignment=SCHWACHSINN
graphDir=data/graphs
isVisual=false
name=shwach1exp.properties
numVehicles=1000
requestsPerDay=36000
resultFolder=data/experimentResults/
timeSteps=100
trials=50
vehicleSpeed=5
